0
37
2
3
4
5
6
7
8
9
10
11
12
13
14
15
16
17
18
19
20
21
22
23
24
25
26
27
28
8
47
7
1
29
1
30
31
32
33
34
19
26
35
36
37
38
39
40
41
33
42
43
44
45
4
46
39
9
47
8
48
49
23
50
51
47
40
49
52
11
13
25
26
53
14
35
14
54
55
48
56
57
50
58
8
49
31
59
60
36
61
62
46
63
32
14
64
65
33
16
66
67
27
68
8
59
33
38
43
0
69
70
71
47
12
31
8
10
10
25
47
40
1
0
64
27
8
19
72
15
4
73
53
74
65
71
25
33
67
75
73
36
33
15
6
64
14
37
38
23
10
47
76
35
64
15
22
32
53
74
40
77
17
37
75
78
76
6
21
64
39
75
0
0
21
48
25
50
32
37
36
46
5
79
0
75
1
39
71
80
78
81
59
78
44
8
0
22
69
82
27
32
71
26
75
78
15
28
19
49
43
21
83
74
41
19
16
51
13
46
47
15
84
40
26
64
85
85
3
50
70
13
64
33
41
0
40
15
16
61
86
40
74
43
71
48
46
6
43
25
67
60
87
21
30
47
40
48
88
21
37
33
70
1
5
22
25
5
32
28
19
43
46
8
61
36
89
43
70
88
11
0
27
79
42
90
7
60
49
91
1
22
34
40
64
58
8
59
47
73
92
72
51
51
46
38
17
28
46
40
28
1
61
55
93
47
37
93
27
41
52
31
64
42
37
19
64
57
94
14
57
33
17
95
40
53
46
41
61
0
40
8
61
8
8
1
46
15
96
31
51
8
74
31
97
48
53
22
23
74
15
83
74
37
63
34
28
98
19
28
99
29
51
34
100
40
14
27
19
101
27
8
71
11
72
74
102
60
17
35
58
11
31
22
19
8
13
52
11
93
33
43
13
91
35
46
84
22
103
48
19
79
47
73
65
83
8
61
53
68
54
42
30
64
82
46
77
41
70
21
66
24
22
0
61
48
26
8
54
83
11
84
78
29
22
43
1
69
102
27
53
104
64
63
22
22
86
75
23
26
73
14
81
17
21
8
3
69
1
64
74
44
9
40
25
73
70
9
75
27
63
36
41
105
28
65
57
46
36
106
14
71
75
53
57
93
103
50
48
105
43
71
72
81
42
12
100
84
26
76
57
23
0
43
5
54
56
1
22
27
17
73
12
53
87
102
14
27
68
52
88
10
0
27
37
81
97
28
74
94
73
71
68
30
21
51
15
20
39
1
29
26
27
27
22
40
64
14
52
72
81
70
75
44
27
35
107
80
57
9
1
48
34
7
42
8
21
40
0
61
37
42
74
78
34
46
19
8
14
33
73
72
72
30
7
12
53
37
76
1
59
63
108
47
102
8
5
46
11
35
74
50
58
13
48
43
5
15
4
49
13
29
73
26
9
56
66
44
81
13
25
74
82
43
28
37
72
33
33
9
74
1
64
70
66
48
0
46
13
26
31
38
23
64
100
58
19
74
7
30
21
79
109
11
8
72
8
61
37
3
50
61
14
12
37
74
101
38
14
31
88
1
72
26
3
72
80
90
81
14
82
102
84
22
65
42
46
19
71
70
41
89
0
61
98
36
52
61
44
110
64
61
110
17
10
32
5
56
15
70
84
71
105
1
60
100
18
73
17
17
71
15
29
111
91
34
64
78
17
70
11
27
38
16
84
73
38
33
27
66
23
41
8
42
93
35
24
6
55
23
78
46
7
56
15
10
73
43
1
84
8
112
38
60
34
27
3
54
98
30
40
70
4
59
19
72
42
10
60
113
17
48
74
34
85
38
50
1
6
75
56
33
19
95
49
19
30
79
36
1
32
64
100
23
86
46
81
22
52
17
1
49
38
73
40
23
38
8
40
96
10
70
48
105
15
37
5
40
73
73
92
11
19
17
37
29
46
98
48
17
76
39
23
48
23
80
79
11
64
27
110
23
21
22
3
92
27
8
1
81
88
86
33
71
14
57
40
30
15
0
23
29
68
70
9
69
42
23
4
71
17
72
94
56
111
100
59
114
91
21
19
70
84
14
89
0
23
94
61
18
30
36
72
21
108
26
0
6
61
0
83
64
81
80
8
75
35
33
32
0
112
43
10
5
21
113
4
17
37
47
15
76
43
7
34
14
80
22
73
110
12
18
40
99
23
77
9
37
71
40
82
100
1
13
23
19
36
49
71
70
0
13
32
1
94
21
32
37
26
60
19
59
46
69
52
47
39
69
17
15
27
77
74
76
21
60
67
19
14
44
73
48
77
1
85
41
4
4
28
50
97
19
82
38
49
64
73
0
54
47
79
23
27
23
53
51
78
12
41
93
70
31
71
52
6
74
115
81
116
117
63
4
27
79
58
73
46
103
100
82
71
21
80
44
34
4
10
26
33
109
38
60
80
2
74
6
67
0
111
40
105
103
42
115
27
12
19
31
64
60
85
66
33
56
34
46
64
66
73
11
56
100
19
72
73
80
15
24
80
46
64
4
33
60
4
0
13
74
8
21
75
110
16
1
0
32
31
10
115
48
28
34
41
14
57
27
110
48
74
118
74
81
27
0
108
4
41
74
100
21
23
47
93
15
57
12
55
39
57
78
26
97
24
10
1
72
21
32
21
85
67
19
23
4
70
83
74
44
50
32
97
85
3
21
27
82
104
85
17
46
117
78
23
64
39
85
70
8
88
14
58
81
47
1
27
31
40
51
78
40
8
47
1
71
42
73
0
38
30
92
78
75
17
48
39
48
38
49
99
53
60
46
25
14
64
40
50
46
40
26
73
67
27
69
110
108
6
9
28
41
33
23
75
11
85
61
10
64
19
27
27
27
39
9
38
40
102
81
75
21
102
82
19
75
88
73
79
69
94
23
5
1
53
26
33
39
47
103
32
15
44
57
17
70
4
88
36
6
8
46
15
57
34
0
40
48
119
64
12
102
21
93
21
14
47
61
54
48
3
73
27
33
77
19
11
61
74
69
1
48
21
3
61
75
111
64
120
1
55
76
60
10
71
35
64
74
27
51
27
28
21
78
25
79
52
39
21
27
23
6
69
13
72
68
6
4
68
21
63
100
36
36
14
0
19
53
40
115
40
27
61
1
19
64
24
78
4
69
22
84
33
73
80
77
47
86
12
58
5
93
71
3
71
82
64
38
30
49
36
27
46
55
20
55
46
19
0
22
97
15
73
58
73
108
5
33
73
72
71
46
26
40
41
3
36
0
19
1
42
80
51
51
75
34
11
38
6
34
74
67
59
81
73
0
1
71
12
52
49
104
32
19
69
79
56
55
46
66
46
77
97
14
102
26
70
26
31
59
27
39
25
71
66
75
57
14
37
36
8
50
17
23
103
44
34
59
58
85
30
1
54
81
27
71
27
43
66
40
6
79
48
19
120
116
21
23
34
93
58
93
13
57
41
39
39
75
42
13
67
17
5
18
94
73
32
74
85
55
73
79
102
57
22
21
85
27
69
63
47
93
3
9
0
2
11
8
27
112
100
34
30
3
47
47
94
48
27
32
14
33
49
92
19
60
64
27
61
10
84
52
5
22
49
56
51
83
37
73
30
23
74
10
85
60
51
16
60
14
21
82
6
75
46
74
0
74
16
32
76
17
13
22
2
87
12
92
40
39
3
64
36
57
5
118
11
118
89
64
110
79
73
56
17
83
120
41
100
73
46
42
72
92
12
46
51
23
82
17
74
57
60
21
46
44
37
30
1
46
58
19
42
38
12
77
94
31
76
34
33
10
2
73
75
10
64
70
51
35
55
46
66
110
37
116
44
81
0
63
29
7
68
42
71
46
47
27
54
1
48
52
75
75
85
63
33
46
70
13
73
54
33
67
58
32
13
81
21
2
19
0
6
75
38
27
1
53
41
27
22
40
38
75
73
76
74
23
64
75
36
100
114
18
34
64
48
41
46
22
34
16
117
27
94
38
70
74
37
8
48
46
29
91
33
15
40
69
41
1
73
40
51
32
91
72
41
78
75
27
73
90
21
35
32
1
93
61
68
0
40
61
71
17
19
34
26
49
17
33
100
0
34
85
59
78
31
17
57
120
112
17
44
11
17
80
71
1
81
17
31
1
32
28
65
27
9
32
53
27
46
29
22
60
17
69
42
84
29
78
8
23
36
29
23
85
70
0
48
48
76
77
33
103
42
71
43
75
51
39
88
95
75
0
14
98
32
44
37
6
0
72
10
82
54
1
115
18
1
26
71
27
116
34
73
78
40
17
29
86
75
10
30
10
37
29
121
56
36
8
26
93
64
13
98
73
12
30
46
38
77
112
39
77
42
105
1
53
74
85
40
34
69
3
78
100
40
29
37
54
15
122
73
56
19
92
74
74
26
73
10
1
92
27
104
74
19
23
17
26
12
72
73
64
30
8
25
40
38
64
88
61
12
93
80
75
32
19
26
4
1
36
79
83
110
56
14
19
13
8
48
22
54
93
78
52
100
71
64
18
47
51
71
88
93
1
47
37
66
49
110
11
26
73
73
61
61
30
29
13
26
93
19
4
40
72
117
40
1
41
22
13
32
81
65
47
69
49
73
63
111
73
15
21
72
0
51
54
0
16
60
32
81
82
102
116
78
23
78
39
18
53
26
52
40
79
85
13
22
1
49
95
97
79
50
29
69
53
84
53
75
21
90
26
12
5
16
0
24
64
41
78
93
105
42
91
40
36
100
12
38
2
111
57
1
65
25
50
19
78
10
49
33
82
41
6
37
71
47
37
17
19
53
63
17
46
52
28
44
69
71
84
78
11
38
40
35
66
54
5
27
82
30
40
70
37
71
24
72
75
75
64
73
11
83
81
65
78
82
49
43
11
33
74
53
100
49
74
93
54
21
107
60
21
59
61
19
22
68
27
7
27
53
108
51
46
22
8
0
33
46
15
101
69
26
50
57
94
39
23
94
51
123
110
21
82
19
9
30
33
48
13
102
61
53
17
25
44
59
85
21
19
11
47
10
30
74
17
46
21
48
61
29
31
100
57
93
49
13
111
53
53
58
46
63
1
50
100
10
53
49
42
56
74
21
53
37
16
61
72
36
21
61
46
78
112
36
47
22
33
30
3
74
64
85
17
14
72
40
81
14
64
51
23
5
14
55
77
13
47
48
103
112
4
27
33
8
73
55
11
21
48
15
14
39
21
23
59
73
84
58
39
75
69
47
5
5
40
69
15
59
19
54
40
93
14
40
102
52
19
19
34
40
77
32
73
9
40
32
97
37
64
98
116
26
93
46
2
59
12
66
37
46
11
40
75
21
66
47
16
53
27
27
7
17
37
19
10
28
75
57
22
32
74
42
28
4
47
30
61
15
42
40
56
13
21
8
111
13
33
17
43
25
38
48
17
27
27
12
4
27
21
26
21
15
48
27
18
38
8
26
10
71
29
64
56
19
52
99
72
60
41
19
64
74
91
44
64
73
115
81
37
21
93
58
46
74
26
47
42
82
19
4
54
38
61
17
46
73
0
93
72
21
58
30
40
61
1
73
39
35
78
42
101
61
61
2
53
110
77
1
52
83
1
79
61
64
40
37
74
0
24
5
38
93
111
23
32
48
93
100
0
73
83
39
5
5
64
17
6
40
42
76
32
59
3
41
0
102
9
42
51
78
24
80
0
103
23
93
5
40
13
16
105
51
34
18
21
47
39
1
46
53
26
78
21
111
56
25
19
15
94
19
0
24
105
40
56
19
77
64
59
61
61
42
7
48
79
86
33
22
22
53
59
59
53
55
42
31
19
15
40
15
37
47
14
39
10
57
57
78
61
8
6
1
112
0
19
81
110
46
47
24
8
64
61
37
0
55
78
110
36
19
40
79
17
71
43
43
93
102
81
11
22
14
71
44
71
32
112
23
70
31
66
43
59
73
27
12
57
51
73
52
71
73
49
38
28
102
36
15
37
0
31
44
64
31
42
13
21
22
59
58
14
117
12
18
17
97
21
91
1
59
64
57
27
13
25
8
64
21
61
71
7
33
13
93
101
43
73
55
97
22
74
43
48
34
21
8
74
48
32
70
80
17
34
28
42
40
51
9
70
93
21
23
78
90
53
28
72
24
36
97
1
1
76
73
32
33
21
47
42
2
19
8
44
4
27
47
121
100
5
31
64
21
30
52
81
84
23
34
13
0
27
92
26
73
21
121
41
15
49
13
110
11
37
7
74
28
33
16
110
72
57
74
58
40
70
78
64
27
25
61
31
80
28
40
8
40
80
34
46
80
93
41
74
64
56
37
71
93
27
43
24
21
27
12
33
111
32
49
40
25
30
52
44
17
25
77
64
21
5
5
66
1
39
88
9
55
26
41
13
39
14
40
6
72
49
56
8
27
76
43
48
61
58
16
10
69
26
75
34
124
103
58
3
51
70
25
1
84
33
81
79
58
56
26
73
110
23
36
33
9
71
12
51
36
15
22
38
21
37
9
3
50
75
34
39
26
61
58
12
78
64
13
114
84
69
12
37
80
33
34
60
1
65
51
21
0
5
40
36
19
40
55
11
49
19
108
14
19
93
28
61
29
68
23
21
27
19
40
48
76
3
19
56
33
17
19
17
36
27
82
74
43
29
56
26
113
10
56
27
22
19
10
40
15
30
56
14
0
51
51
72
67
8
58
4
30
63
33
58
32
90
19
6
61
73
9
3
47
46
70
21
77
5
116
79
19
15
40
40
71
73
111
30
88
28
27
48
27
82
115
19
67
36
44
40
34
72
36
6
69
57
94
22
47
37
71
22
60
36
12
64
73
44
69
0
40
66
15
97
39
38
50
50
41
57
26
86
61
33
37
41
17
8
38
8
72
50
26
42
8
19
65
10
112
63
17
9
73
39
106
91
39
69
115
33
85
46
9
43
66
33
3
18
5
14
8
69
49
40
122
27
67
76
17
6
59
47
38
120
16
32
70
37
32
116
26
22
19
100
91
61
80
67
94
14
73
48
49
102
40
27
4
12
88
23
38
50
0
107
47
20
63
96
9
82
67
24
85
55
52
100
119
47
73
34
29
26
70
21
78
57
27
100
43
102
22
17
19
56
56
1
47
35
59
64
41
21
1
40
57
19
63
61
117
37
15
7
21
71
55
8
61
58
33
112
40
82
64
73
32
60
17
41
7
74
46
82
94
37
33
10
77
112
89
104
49
52
33
66
23
24
66
8
24
26
19
72
80
72
47
10
5
80
81
91
73
76
17
51
26
44
40
74
82
11
48
33
25
71
0
10
64
24
73
40
30
34
56
83
26
11
22
75
118
10
1
43
22
0
105
1
19
108
28
35
40
27
87
14
14
64
40
0
13
46
87
38
17
19
38
25
64
8
111
56
116
82
105
32
84
8
17
50
43
98
61
21
53
27
40
31
108
25
81
86
75
61
19
56
34
13
51
27
39
34
22
93
120
17
13
96
50
23
1
57
19
54
27
0
21
1
15
102
81
125
85
81
43
39
22
46
46
46
79
49
17
22
28
32
14
74
97
91
6
68
23
56
10
93
78
85
19
48
67
27
19
126
41
22
33
27
23
70
102
73
21
46
26
14
49
73
30
2
1
115
22
27
48
111
79
74
37
70
49
70
42
37
49
27
16
7
58
42
114
14
34
11
56
82
33
53
49
34
41
37
93
66
27
73
17
74
0
75
71
33
14
33
40
74
88
74
34
10
102
57
93
43
11
27
27
7
36
73
71
48
60
27
35
81
23
80
96
33
3
68
63
100
61
75
29
0
81
76
72
23
14
73
81
12
93
50
38
86
0
15
11
11
61
21
1
21
37
27
28
1
16
60
10
70
37
66
75
31
39
73
27
21
70
22
21
9
50
4
5
40
8
61
7
40
58
42
67
66
39
29
19
69
92
17
53
40
23
56
10
0
31
61
81
82
23
32
91
121
120
13
77
22
5
74
40
12
39
73
39
8
26
30
43
11
11
55
36
43
39
14
71
37
17
22
73
85
40
80
8
105
52
67
75
41
74
25
80
64
26
21
30
54
25
73
87
74
5
71
25
113
9
71
41
55
77
19
51
64
0
51
41
59
17
75
66
118
70
47
55
19
40
68
15
71
71
88
22
63
26
71
103
26
70
32
12
78
33
83
73
11
55
23
112
28
108
115
28
27
27
38
2
80
107
47
75
19
54
9
110
56
5
25
89
0
35
47
110
50
19
28
68
14
8
26
4
54
66
65
37
83
86
14
27
70
34
101
26
70
120
69
111
2
19
49
34
52
61
59
38
30
97
34
70
112
41
13
10
50
44
60
0
53
29
21
111
35
21
100
120
34
3
56
33
93
6
79
17
12
51
4
91
69
40
73
68
23
15
92
21
8
0
46
1
51
54
91
22
64
17
71
79
63
47
49
29
70
8
39
1
64
19
12
36
66
31
42
73
100
12
73
52
73
7
60
89
31
72
42
67
39
32
18
7
94
34
34
51
29
70
0
1
11
32
22
102
34
55
59
43
46
4
71
49
33
46
33
84
79
38
22
69
31
40
42
73
78
49
33
56
0
66
21
13
108
28
51
50
59
50
74
17
52
118
11
40
126
53
110
46
51
31
21
73
47
31
0
93
49
64
48
41
71
18
37
10
34
21
4
23
35
8
71
36
15
38
71
36
6
51
64
43
39
110
110
56
19
61
99
77
1
94
102
17
3
71
64
32
78
47
21
19
19
82
82
46
56
16
81
40
51
26
31
34
81
31
73
15
4
60
112
53
51
27
39
47
92
1
73
61
88
102
28
40
69
14
81
48
36
22
21
64
33
63
90
42
56
38
117
40
57
19
47
100
30
11
46
33
32
36
46
27
40
73
19
38
15
11
26
51
15
50
58
54
37
22
40
42
102
49
29
48
70
64
34
46
47
8
19
12
38
47
88
91
0
38
81
37
81
43
60
76
39
75
94
24
26
37
49
3
40
93
58
27
8
22
127
46
30
73
23
58
22
37
19
41
81
1
11
17
19
64
40
84
77
7
93
72
5
61
0
27
38
102
32
75
26
36
100
17
32
8
27
27
97
46
17
13
25
37
3
1
19
19
51
84
6
33
44
60
41
0
30
49
84
0
21
48
27
72
17
33
1
61
52
17
83
81
100
11
91
35
78
79
80
1
7
56
73
112
56
101
77
86
57
75
40
48
78
1
122
34
40
26
112
61
21
40
17
14
27
9
38
21
85
70
14
52
66
68
15
70
74
10
51
100
19
28
47
21
36
27
17
48
14
117
111
71
61
120
60
37
5
64
74
4
17
40
14
16
17
74
25
94
19
71
33
27
56
37
64
57
40
46
23
1
27
53
49
94
21
22
104
41
69
19
14
48
98
57
5
81
26
28
31
106
61
102
110
49
64
36
73
78
3
21
46
27
14
64
56
23
1
1
68
48
73
65
80
22
53
53
84
26
1
46
100
105
8
88
48
73
34
73
4
7
64
13
0
71
74
32
74
88
38
26
105
13
11
56
100
82
85
36
68
80
92
56
64
13
90
39
90
5
46
38
41
21
48
64
6
40
92
27
62
116
12
10
31
64
30
57
1
82
74
23
40
0
69
0
53
48
0
21
78
51
28
17
74
71
70
8
11
39
51
7
60
1
34
37
38
78
21
35
50
28
32
4
14
12
47
73
85
102
74
64
86
81
74
27
91
86
8
41
35
63
110
30
67
7
48
30
13
9
17
19
17
1
13
56
27
38
51
1
56
73
94
40
31
75
21
1
17
17
74
0
65
36
64
44
27
27
58
11
0
68
0
27
37
89
115
32
85
28
74
49
21
10
93
81
64
28
7
32
50
4
58
51
73
92
5
17
53
124
21
78
17
85
23
0
103
58
19
73
32
40
1
37
30
36
13
1
16
33
47
93
27
80
80
1
76
61
112
31
24
79
70
64
19
27
17
49
93
40
5
44
11
41
55
64
88
3
64
110
53
17
13
108
1
21
84
61
41
73
23
0
72
12
40
34
34
100
15
46
63
64
42
12
60
37
65
85
82
61
47
43
14
43
60
30
40
98
65
22
73
3
48
77
110
49
1
41
56
42
3
79
64
27
39
70
23
60
29
57
27
22
79
60
36
93
67
73
52
51
22
87
19
23
25
40
28
38
30
30
41
34
85
66
75
54
84
93
14
40
27
78
46
47
50
38
19
10
76
34
50
11
53
40
21
27
47
54
56
93
31
57
91
65
5
19
82
61
13
77
93
28
40
28
117
21
46
101
26
3
4
74
72
21
10
6
8
40
75
22
102
12
74
14
65
19
28
21
14
21
33
28
58
38
33
16
31
19
64
38
33
99
51
42
40
64
30
12
41
71
98
42
17
21
102
15
91
71
46
58
0
49
118
79
80
39
1
23
75
12
40
102
58
85
30
8
56
74
59
10
115
48
60
70
21
53
113
32
38
78
50
47
49
3
14
25
23
61
81
28
50
81
73
91
79
38
28
75
64
50
98
81
57
17
6
24
97
63
76
22
91
1
19
37
1
4
13
71
32
61
48
81
11
1
23
21
0
74
40
1
63
14
0
48
53
46
35
40
53
10
77
1
42
36
0
32
54
52
33
33
88
101
102
8
73
124
6
41
49
75
23
112
70
98
30
85
52
73
54
37
93
75
37
71
52
53
8
32
58
19
71
52
14
3
40
1
64
43
51
13
10
21
51
40
28
26
13
85
58
14
19
75
73
33
5
19
28
21
61
60
64
113
117
61
54
37
52
103
16
29
15
34
20
58
21
21
28
38
16
81
31
6
116
93
61
102
115
44
116
84
124
12
102
123
22
8
103
93
47
36
64
22
119
34
17
85
43
23
27
36
41
28
111
16
93
27
54
28
52
55
25
13
64
47
27
30
68
27
70
30
78
46
41
64
42
19
112
38
34
85
118
14
31
33
73
64
94
38
17
16
75
110
47
118
15
103
51
15
85
71
15
17
13
0
6
60
57
58
74
29
73
46
46
58
39
73
88
65
103
1
79
94
59
13
77
74
15
27
15
38
85
78
6
0
2
73
59
48
91
1
69
8
5
73
76
4
68
70
10
58
38
30
19
93
82
28
50
11
71
65
15
7
100
88
57
34
21
23
93
103
53
28
19
5
73
19
21
2
41
75
124
1
78
75
70
17
53
64
36
62
1
40
40
53
46
33
14
14
11
64
74
6
36
56
81
102
72
51
111
61
84
21
44
27
74
48
26
93
0
16
37
30
83
0
81
93
102
40
49
46
53
27
1
38
81
22
74
8
91
80
37
16
54
31
17
70
70
75
81
61
40
37
61
0
75
48
73
111
11
34
80
82
5
71
34
64
20
14
13
6
42
78
37
22
16
76
57
22
41
21
71
71
73
77
38
90
42
100
11
27
29
57
17
21
61
88
83
17
21
32
19
27
40
60
21
37
14
63
53
33
12
26
27
25
5
46
64
60
36
27
32
1
8
98
38
52
46
84
68
8
0
74
91
46
116
47
40
91
101
14
75
64
111
33
40
85
48
22
94
48
50
44
30
0
78
56
74
64
25
61
57
100
8
41
94
99
46
23
72
41
26
75
19
39
21
19
7
39
17
60
80
4
55
27
17
11
61
84
14
102
26
112
41
19
58
17
33
19
11
8
94
69
8
26
57
39
34
64
31
71
60
39
8
17
69
64
64
28
37
19
68
71
95
64
11
35
74
17
21
12
60
78
40
88
88
33
4
69
61
70
80
91
66
47
21
40
70
58
0
50
31
64
64
55
1
40
32
71
50
121
51
19
1
27
17
51
5
13
4
49
28
60
22
3
34
17
81
75
33
43
53
23
77
103
17
46
10
68
58
64
26
94
29
23
8
94
71
72
3
53
19
60
21
13
88
83
17
43
25
93
57
36
52
30
85
47
94
97
46
36
67
108
70
21
30
71
1
23
43
84
38
91
4
27
69
46
5
97
32
17
33
0
21
17
8
0
19
53
40
58
1
118
27
72
39
64
37
33
64
94
86
63
17
74
22
13
74
81
92
40
56
91
22
6
53
22
74
93
36
27
47
9
73
46
61
74
64
36
11
22
88
44
36
81
21
74
103
50
34
58
15
49
4
58
7
61
15
23
26
94
29
54
27
0
46
22
33
19
51
82
54
33
97
13
89
53
44
74
40
54
36
71
34
0
11
9
82
61
23
29
88
34
17
5
8
23
64
11
73
26
111
81
91
64
59
22
75
38
64
14
7
1
36
47
73
73
74
25
93
80
51
10
23
37
84
74
42
38
5
17
19
49
59
32
66
96
79
3
75
61
85
64
61
26
19
79
14
46
73
73
118
79
10
29
110
55
69
54
59
26
15
28
92
31
101
37
59
102
74
43
37
78
40
53
63
21
9
70
117
43
4
82
34
12
18
73
38
1
21
77
37
40
30
0
82
14
40
44
93
46
88
21
74
14
53
28
29
29
69
21
38
2
14
100
70
19
93
13
8
11
15
63
98
51
71
69
15
93
61
39
22
73
17
53
50
40
74
1
1
100
8
46
38
26
64
37
57
59
10
75
80
72
19
61
66
64
73
26
40
39
72
73
83
71
88
11
11
85
26
56
39
40
101
73
35
79
96
26
56
75
74
34
85
9
73
19
64
11
103
102
8
57
66
10
74
9
38
100
75
32
77
36
11
8
21
28
25
21
28
33
1
8
23
19
15
35
23
24
76
34
46
17
41
61
43
60
94
27
5
125
26
6
4
3
1
8
71
0
77
19
48
17
43
69
39
69
71
93
6
15
10
61
0
75
22
10
13
39
100
27
1
44
70
40
32
19
63
73
10
97
74
19
91
21
50
51
128
13
75
21
75
72
67
126
77
112
69
1
82
88
111
6
61
13
42
46
1
69
19
100
21
74
14
74
36
27
64
64
25
32
32
21
111
39
28
64
91
1
46
21
79
27
19
51
21
16
52
24
28
64
47
109
73
60
23
22
100
127
12
40
36
24
36
64
61
78
26
80
67
44
83
93
50
27
59
75
19
110
61
64
46
69
22
4
61
80
23
38
49
100
22
40
53
36
14
29
63
56
15
111
70
50
37
17
32
2
46
43
57
48
42
44
17
33
79
32
85
40
40
83
0
15
65
31
33
21
4
8
47
52
59
103
61
38
26
19
110
63
37
48
108
47
13
13
0
73
5
31
27
70
63
46
0
2
72
13
82
28
12
7
26
93
23
31
36
64
23
112
44
58
49
51
40
66
112
71
19
57
47
61
38
48
87
66
93
50
7
40
36
60
70
39
52
17
61
27
40
76
55
27
42
19
53
37
26
103
33
97
103
71
21
42
74
94
112
72
56
74
46
23
70
52
97
17
21
69
111
27
19
28
5
28
41
22
8
23
52
59
81
56
61
14
40
19
8
41
61
19
59
17
7
85
84
73
0
21
22
39
21
84
72
19
73
40
114
74
21
21
72
68
110
91
40
108
31
23
41
57
41
4
48
47
4
46
8
93
19
89
8
36
53
97
17
21
28
34
73
93
21
70
29
11
93
51
42
21
15
74
67
46
37
102
17
16
5
32
51
1
46
8
70
43
3
42
76
83
25
64
58
97
0
19
64
64
80
105
1
13
43
79
112
33
94
33
72
53
89
33
9
17
61
37
34
33
41
27
29
15
26
19
6
6
47
82
40
64
73
78
39
75
17
0
19
33
8
74
73
32
73
61
37
89
1
40
48
51
1
37
21
100
21
57
73
75
32
69
14
49
38
74
1
14
30
70
67
68
73
28
61
32
73
43
37
65
41
13
40
70
9
52
56
25
53
40
70
36
14
34
19
75
12
39
32
10
41
77
21
80
64
41
64
4
61
73
50
4
17
34
26
73
100
1
75
63
82
46
5
71
73
114
40
37
46
75
37
43
64
58
30
35
74
85
39
91
26
37
40
69
79
9
36
38
74
22
1
72
88
30
61
22
19
59
24
17
53
21
16
53
64
10
68
95
13
40
0
7
78
86
64
38
21
69
39
58
59
23
116
74
113
51
34
97
46
51
19
35
81
58
67
30
46
11
61
49
74
37
40
47
26
53
51
27
42
75
49
84
11
61
43
3
21
60
7
41
5
47
82
99
4
22
75
96
13
98
57
22
113
15
108
11
82
73
51
30
25
33
5
12
50
69
68
74
16
1
5
46
1
25
0
47
35
82
40
77
61
33
105
14
49
42
22
66
11
22
68
61
8
30
87
21
73
0
31
69
33
11
23
102
17
93
54
79
77
80
37
43
103
1
51
28
5
27
5
69
81
23
8
47
48
84
40
57
21
103
17
23
40
53
50
91
43
23
54
71
27
19
81
64
73
54
52
81
15
85
79
66
71
64
49
42
49
74
26
14
63
17
19
72
86
60
56
75
80
68
47
19
22
53
14
106
48
115
19
92
1
31
48
28
17
31
40
73
51
26
0
93
31
60
11
11
27
64
32
60
74
85
116
73
74
15
79
15
14
15
34
18
46
36
37
83
5
19
28
37
47
59
85
1
46
71
22
77
75
66
29
100
51
74
60
71
24
80
56
27
47
32
14
112
61
8
49
38
36
58
28
8
11
75
28
73
48
74
111
46
64
100
71
76
69
50
39
1
94
4
30
112
52
57
87
99
10
17
73
47
32
42
81
61
19
19
67
43
6
59
14
69
46
47
93
49
11
73
36
34
100
107
18
64
17
64
75
64
52
64
93
69
116
86
12
112
8
23
46
75
41
32
70
19
23
56
55
83
19
73
75
43
102
50
22
71
46
5
31
5
46
8
1
39
40
82
76
64
75
14
119
1
51
84
81
17
17
87
8
47
0
40
79
0
30
22
53
38
82
14
77
73
81
47
80
46
52
7
53
17
19
111
73
79
81
1
75
114
105
100
39
7
53
78
83
23
30
49
100
59
82
38
24
50
73
64
82
19
61
1
93
73
54
59
63
31
89
10
21
27
82
116
38
74
49
24
103
102
42
70
33
49
0
60
9
48
21
0
61
74
43
23
36
3
40
64
10
10
10
98
1
71
59
14
7
34
73
8
51
77
27
10
58
44
35
41
25
10
46
80
40
53
33
13
53
40
85
30
3
40
46
61
97
14
37
22
16
112
85
83
81
31
64
27
58
36
27
69
73
79
13
94
44
50
74
58
27
59
84
8
38
0
21
78
50
85
22
60
116
97
56
26
16
0
91
10
72
66
0
30
79
21
27
46
13
48
17
24
59
21
14
76
1
93
43
22
64
27
23
15
74
63
78
102
75
42
64
75
29
39
11
17
108
67
64
13
118
23
85
63
53
71
75
58
71
46
32
43
61
19
27
71
71
116
11
19
21
47
71
40
71
36
7
10
73
7
23
28
58
61
19
71
4
91
14
99
28
92
8
69
3
3
99
78
18
0
26
40
19
28
26
71
42
5
0
32
82
73
26
84
43
19
22
36
56
47
60
21
61
37
27
31
50
9
17
75
30
84
56
32
12
11
21
39
14
30
112
64
93
19
46
75
30
64
76
40
79
28
105
8
91
85
1
71
86
6
11
36
23
42
80
94
40
54
19
82
64
21
21
26
40
1
63
32
106
57
13
27
30
91
30
21
73
60
15
110
75
23
74
107
61
12
27
1
4
72
70
17
26
0
22
51
21
88
3
17
12
46
49
19
19
14
94
77
46
33
3
51
69
24
66
93
47
33
21
40
52
102
1
1
58
98
1
60
81
5
85
36
14
15
74
36
1
79
82
31
46
73
78
70
54
32
14
59
51
27
43
23
12
64
82
47
13
17
27
60
34
40
108
19
46
28
61
61
0
63
51
19
7
62
61
33
19
27
102
12
40
15
71
36
13
1
66
0
101
32
49
39
14
17
52
75
13
71
18
33
56
1
66
47
114
14
40
117
1
23
60
61
8
31
86
19
71
12
21
1
9
29
8
1
14
52
57
49
110
21
53
64
80
64
4
17
36
77
50
66
59
57
61
100
5
21
80
26
3
27
17
21
26
5
8
32
49
40
30
21
15
76
33
59
4
42
29
32
19
74
14
14
46
34
68
31
61
0
8
47
39
40
84
69
46
37
37
32
6
60
40
68
39
46
21
102
51
11
48
1
47
27
19
15
102
67
15
72
9
64
49
112
42
40
0
10
41
74
65
58
26
27
52
74
33
17
23
68
79
93
9
8
57
84
81
58
69
25
87
41
73
46
25
3
3
28
37
37
91
1
10
0
41
73
72
14
40
26
57
38
11
19
82
11
8
67
73
74
11
1
17
70
10
62
73
17
24
27
0
23
11
22
27
10
61
35
94
57
59
19
46
27
25
19
100
103
82
27
11
54
11
115
93
85
97
27
21
33
82
26
19
61
88
12
38
74
4
35
40
49
73
49
25
73
14
37
25
14
21
36
38
72
38
113
47
46
46
48
17
19
33
50
42
57
11
21
33
19
92
32
21
46
109
40
27
25
1
129
27
25
43
0
122
23
86
0
12
74
83
75
58
46
110
19
39
50
17
104
7
11
49
59
100
1
32
78
8
94
8
9
38
71
85
60
64
46
64
64
14
60
75
21
91
81
40
107
105
0
11
91
22
90
5
54
9
47
38
49
25
17
40
72
100
93
57
37
11
58
23
34
28
92
12
17
40
8
82
14
58
30
34
7
92
34
72
61
80
21
100
42
17
88
103
1
38
61
22
63
5
103
37
88
73
14
75
74
119
38
34
28
8
66
105
56
60
34
31
71
14
64
32
8
46
17
21
8
84
70
43
46
73
27
82
78
40
40
80
12
74
61
81
41
17
40
27
7
16
60
37
6
7
46
73
26
46
25
21
46
61
0
73
44
51
80
68
80
33
5
56
74
64
48
25
40
61
92
49
75
69
110
89
13
4
61
46
36
32
73
61
50
61
19
34
14
19
0
64
11
43
49
31
22
8
51
1
117
72
80
108
23
64
21
102
5
84
9
28
59
37
108
72
48
64
55
43
33
63
13
62
13
19
72
34
32
81
64
48
39
69
27
2
51
74
72
21
26
23
9
73
110
120
43
110
12
24
53
63
23
1
8
63
71
100
64
37
106
31
60
49
38
93
58
30
54
85
15
17
34
6
42
74
49
37
55
13
15
36
30
60
53
94
58
59
7
6
79
27
47
23
40
38
71
64
70
92
41
71
48
64
3
64
110
79
15
61
19
48
1
72
15
63
108
5
94
73
111
67
58
11
47
83
72
49
19
37
17
37
74
0
50
48
19
71
93
27
53
57
14
20
14
26
110
114
27
5
29
33
66
85
12
77
27
53
40
73
25
10
35
32
71
27
27
19
41
8
46
41
27
84
36
46
67
78
19
6
22
19
21
61
13
47
29
49
21
58
66
14
21
17
14
79
38
99
21
47
93
33
91
49
40
21
23
36
15
5
21
59
86
14
1
0
1
17
23
40
63
101
71
49
34
64
41
46
75
26
32
69
49
43
34
74
35
93
117
81
14
98
111
73
64
48
27
73
19
47
105
44
21
78
36
56
108
14
59
47
0
15
93
74
81
83
22
95
21
4
44
39
48
72
19
14
26
57
28
57
63
13
40
30
94
46
66
84
17
57
54
75
7
32
42
17
26
74
78
43
8
12
64
10
85
27
116
19
32
22
0
124
0
23
73
23
69
19
53
87
19
87
17
112
103
113
73
21
47
85
50
40
7
74
10
54
40
76
14
6
13
22
10
19
48
19
76
27
91
52
64
39
33
5
5
40
37
23
49
61
75
73
14
26
67
59
4
60
111
99
116
19
53
9
11
110
40
67
1
40
46
69
29
17
2
21
27
27
34
74
117
64
64
10
33
74
40
6
70
32
15
61
97
73
53
129
61
57
65
78
23
19
5
14
40
112
3
92
23
21
25
17
92
34
5
74
24
61
17
69
56
7
1
47
78
84
68
101
10
56
13
40
5
46
68
53
49
74
17
13
73
59
22
21
27
46
40
82
78
111
50
102
1
36
105
64
37
73
46
64
1
4
13
6
3
60
3
50
0
71
82
44
27
39
27
40
7
101
50
22
21
85
28
31
46
17
19
53
78
73
53
116
73
64
93
30
73
103
97
102
27
64
74
124
27
46
44
68
42
81
42
19
49
21
55
17
72
12
27
21
50
69
91
93
22
52
28
40
21
53
14
8
50
73
86
39
74
85
47
61
73
112
12
21
79
33
27
21
27
85
14
19
17
5
3
40
51
94
52
36
13
111
27
5
17
28
61
69
73
29
22
64
13
50
19
71
0
25
11
76
19
20
31
41
84
120
38
18
28
91
21
12
82
28
38
48
9
22
0
78
47
93
84
40
15
112
11
1
97
72
75
0
54
116
15
116
102
78
33
24
103
71
76
95
75
1
27
28
96
99
57
75
75
24
49
5
110
11
73
30
112
54
52
5
41
81
7
17
17
72
19
69
12
14
6
5
55
37
25
51
19
85
93
1
38
0
47
53
98
84
33
58
61
32
23
48
82
38
41
0
102
77
51
49
38
79
40
110
65
112
26
47
14
30
56
11
78
15
27
17
26
8
26
40
21
8
75
77
37
33
28
40
38
21
92
16
79
64
54
11
47
68
10
81
33
22
78
8
55
11
40
44
27
111
34
69
63
23
77
1
48
1
60
59
75
53
75
82
34
17
13
47
27
102
13
61
40
100
36
71
21
44
33
17
1
33
7
21
71
64
19
61
82
29
40
83
48
44
79
46
64
31
50
37
27
83
93
70
30
59
40
40
10
69
94
8
40
43
61
23
81
21
59
85
17
115
21
19
70
89
22
112
13
22
98
21
4
1
73
19
4
25
97
75
11
1
74
93
53
81
28
76
21
28
3
71
78
42
73
77
72
1
74
42
25
30
22
42
93
27
43
58
47
47
11
26
42
27
37
40
40
70
71
37
56
40
1
11
40
28
21
32
41
47
4
19
26
17
47
23
43
1
29
5
59
15
48
73
76
10
0
47
92
68
57
75
40
74
91
21
79
47
55
49
21
49
46
19
88
7
78
7
27
78
22
53
30
110
102
50
26
74
10
107
69
72
32
5
113
6
102
27
75
103
88
33
57
41
74
19
51
39
68
47
23
73
27
73
53
78
26
52
22
82
6
17
116
58
75
50
24
23
1
27
106
70
71
77
46
93
61
14
13
33
97
46
19
4
39
15
56
70
93
79
75
31
10
79
34
49
93
60
71
61
38
47
116
49
53
81
93
64
37
40
17
34
74
73
19
99
112
38
30
51
23
66
46
61
75
97
51
64
54
64
30
1
1
39
97
14
84
22
40
102
96
41
25
3
22
54
1
70
103
93
46
14
10
69
24
83
72
14
29
102
50
71
33
5
19
36
0
23
72
58
17
91
21
42
39
80
80
14
37
30
21
28
29
46
22
43
72
50
71
61
28
52
61
11
28
58
31
58
83
66
67
75
78
4
44
46
32
4
31
6
66
33
69
58
17
61
73
31
46
64
71
67
88
68
23
39
10
75
22
73
30
10
1
17
38
61
46
10
15
30
38
63
60
70
59
58
54
26
27
24
40
56
12
97
70
93
61
19
75
97
41
14
120
19
64
91
23
54
74
53
0
21
56
83
94
21
41
64
14
46
19
27
71
97
93
12
70
39
62
42
75
27
66
70
7
19
47
77
100
72
48
13
85
36
69
14
59
112
17
51
66
21
64
75
75
16
40
4
114
115
49
74
22
1
75
70
78
1
76
43
73
106
77
8
8
11
69
21
19
71
48
26
7
70
93
26
27
5
64
17
19
27
75
77
41
40
98
26
1
27
73
70
94
40
110
74
40
27
64
0
93
36
21
105
1
85
93
27
10
116
65
84
62
46
42
85
72
53
11
67
43
91
1
76
85
25
0
13
13
37
34
1
17
70
23
8
75
98
56
71
8
46
33
93
36
64
110
98
57
33
29
33
0
69
12
10
0
27
14
13
52
1
91
93
40
67
49
51
38
61
32
4
25
88
59
23
8
64
47
23
69
41
75
39
36
48
14
0
43
43
61
82
38
94
71
56
51
30
37
94
103
37
43
40
73
100
39
2
4
35
53
1
13
17
42
70
73
55
73
44
8
21
13
105
43
100
36
38
81
74
19
65
42
53
51
33
61
38
11
4
24
84
88
42
7
30
32
59
118
19
43
108
81
19
98
56
63
102
27
88
65
53
10
64
93
41
78
1
32
19
37
93
21
61
79
40
40
27
5
91
19
22
0
27
48
1
51
30
21
75
14
28
14
92
61
51
4
112
50
59
51
25
111
17
47
11
111
79
14
31
39
43
40
49
18
100
40
64
51
11
50
13
46
42
17
64
16
27
54
0
22
33
8
74
111
17
74
74
15
27
24
22
36
40
110
44
80
41
28
69
72
102
73
61
47
74
102
33
72
92
23
8
64
73
39
11
82
42
64
38
73
0
60
19
39
54
14
22
42
47
19
72
26
41
27
40
30
11
1
31
19
30
78
77
57
118
33
75
12
0
93
53
19
110
117
17
65
84
74
69
104
117
128
36
17
61
23
76
0
73
11
15
21
47
73
110
37
17
64
33
8
93
19
41
19
27
34
46
19
61
42
47
9
69
48
28
30
1
27
78
19
36
21
25
110
42
27
21
53
42
4
79
57
40
55
74
61
10
46
27
60
97
14
47
27
70
68
37
27
32
5
71
110
41
84
17
21
55
34
19
74
19
47
40
70
0
35
19
19
43
21
6
115
10
81
17
27
54
21
33
46
3
111
40
74
11
17
71
72
124
17
81
64
17
59
19
61
46
21
22
23
68
27
75
42
70
42
19
105
97
85
34
60
75
71
46
8
7
90
73
75
21
75
51
23
54
1
82
21
91
29
39
12
59
40
94
35
14
104
19
13
69
38
73
26
80
54
39
37
100
92
50
8
59
25
101
40
22
121
61
36
33
40
37
38
34
23
64
102
24
13
23
116
74
27
97
23
11
25
73
71
21
78
44
64
53
80
31
5
24
23
58
57
15
25
49
37
75
59
74
27
71
34
46
64
118
15
34
22
39
14
51
59
93
11
51
31
77
73
46
55
117
36
50
38
1
21
12
33
92
16
72
4
100
47
14
88
17
21
19
51
6
7
17
58
0
51
19
40
15
53
48
6
73
5
21
63
25
8
47
64
19
22
17
19
74
64
24
61
8
61
71
28
21
21
47
34
72
15
56
26
19
36
23
3
71
19
27
46
70
36
17
25
72
80
50
19
73
14
19
102
43
77
81
27
110
40
3
55
97
91
15
60
22
73
47
21
19
21
8
68
34
4
31
59
37
88
31
19
23
104
67
73
26
48
41
82
38
58
46
7
50
74
19
70
75
22
8
79
76
114
26
100
103
31
3
11
14
0
25
93
27
71
42
93
57
27
51
42
26
14
27
69
10
64
79
70
0
46
12
42
81
50
13
100
52
32
40
14
32
120
58
34
115
51
10
74
81
71
38
85
97
40
5
26
88
10
31
64
111
33
95
14
35
33
17
46
1
75
1
1
39
27
97
85
128
94
4
93
112
61
61
40
8
69
17
23
108
75
85
40
75
92
8
22
42
14
19
46
40
33
37
63
64
32
57
79
38
58
60
25
60
14
28
13
98
17
47
1
40
24
19
24
64
49
8
14
73
77
17
17
84
23
69
85
26
36
71
9
43
72
21
48
22
19
110
110
1
127
34
40
73
9
70
44
36
57
29
29
28
34
17
11
71
19
94
94
51
74
16
15
32
22
14
70
59
24
61
27
10
99
117
11
82
73
4
118
93
37
31
19
48
53
13
58
53
31
40
49
19
14
47
19
63
81
26
47
0
35
103
81
3
34
28
70
91
5
51
42
92
46
32
33
100
110
66
56
14
8
57
13
33
69
48
56
56
73
48
76
27
105
34
33
91
21
75
47
69
36
46
64
31
57
13
27
26
13
121
64
8
52
0
98
51
1
32
49
37
64
42
2
73
12
12
38
36
50
34
48
41
34
1
40
114
30
19
70
32
85
73
111
103
119
7
70
24
27
64
61
28
16
11
18
112
1
36
73
71
28
68
1
85
21
19
50
19
115
118
22
17
10
23
14
28
44
64
77
33
41
14
112
73
51
13
14
21
40
0
21
19
27
0
64
1
41
1
17
73
73
49
41
3
63
36
66
43
50
71
12
61
55
56
75
52
37
22
38
52
27
49
11
6
12
17
54
73
3
40
0
40
72
38
27
19
17
10
0
34
71
12
18
61
4
25
48
95
57
61
19
92
23
26
26
49
39
53
40
10
19
111
64
64
124
93
3
4
19
64
64
34
81
40
19
14
1
3
46
42
43
78
19
60
26
40
14
40
48
113
28
19
5
1
28
77
26
117
73
36
99
39
46
37
72
54
61
37
39
14
10
46
89
33
78
66
57
41
60
73
48
110
111
61
33
28
41
47
64
9
21
25
19
10
73
73
1
74
31
64
27
17
44
1
13
27
40
102
8
21
19
53
0
34
49
58
74
70
58
63
64
5
63
91
27
88
42
67
48
23
25
23
37
43
26
5
58
38
80
81
19
21
48
72
82
19
42
119
0
75
21
35
17
22
57
1
12
41
22
78
44
91
0
79
49
81
4
84
64
58
76
71
74
37
85
21
60
61
38
63
75
80
6
82
8
106
49
70
82
12
79
66
26
33
33
22
32
36
41
14
0
0
49
17
94
81
14
31
26
111
19
53
13
75
16
50
34
61
4
30
73
53
49
108
9
58
53
39
0
57
46
38
10
1
19
97
91
73
85
40
57
125
14
75
36
54
40
19
27
16
14
2
100
27
30
10
7
83
1
10
22
42
20
11
50
103
69
8
72
50
40
5
64
22
44
0
73
62
87
34
14
0
22
81
76
37
88
13
57
38
48
81
41
19
28
74
68
69
38
118
99
75
52
41
1
77
49
60
14
64
19
42
8
46
78
59
47
42
60
33
34
122
85
17
3
23
1
6
49
60
27
19
66
71
86
14
9
94
74
40
46
21
112
6
49
49
7
51
14
21
118
53
37
22
110
53
47
22
38
77
7
34
22
48
23
56
40
40
53
27
46
10
23
33
4
12
33
58
87
21
13
70
94
101
106
62
94
6
21
12
40
74
36
73
74
1
67
82
13
81
79
77
42
54
17
75
46
27
19
39
0
61
43
48
48
15
44
93
37
93
75
126
77
46
112
64
58
64
57
94
85
30
40
93
6
40
47
46
7
37
36
21
93
8
46
0
35
27
21
28
47
86
5
21
1
40
47
49
73
1
72
116
21
40
23
5
15
64
29
49
76
54
111
128
74
81
51
88
51
25
0
8
26
14
15
32
68
21
15
49
8
21
83
69
36
38
48
8
94
17
84
28
110
41
64
30
36
10
73
21
39
60
16
93
79
19
52
16
74
8
24
40
21
36
19
100
115
105
46
24
17
26
59
100
64
75
0
42
102
40
86
10
19
73
40
64
59
63
36
6
23
48
25
73
73
100
32
9
100
82
64
28
84
7
31
23
0
70
28
59
21
56
49
19
48
73
17
47
0
15
78
8
2
40
0
89
0
61
9
19
112
57
22
37
46
91
43
21
26
27
28
40
27
77
32
105
76
22
14
37
109
50
40
74
88
1
16
64
85
48
61
112
74
7
13
74
93
50
15
15
1
89
85
27
63
81
24
26
105
40
28
0
71
8
68
34
33
53
105
94
52
61
31
23
41
33
85
42
75
53
80
5
73
39
19
21
48
5
9
75
79
28
26
8
10
8
46
58
37
74
67
64
116
80
38
17
23
97
37
44
33
98
47
6
1
12
94
24
73
77
39
64
73
8
77
15
72
51
13
75
93
52
58
82
43
15
8
100
36
17
68
108
37
82
40
78
27
73
46
73
72
13
24
68
50
85
31
68
0
81
54
14
61
34
4
25
74
68
27
51
48
54
47
49
26
28
3
82
100
3
98
17
42
73
39
32
44
3
2
36
93
1
33
13
62
74
11
68
19
76
63
74
97
93
62
94
9
78
63
94
42
73
21
34
100
91
73
71
102
0
57
85
3
35
14
8
61
44
61
47
0
73
47
28
70
37
34
7
95
70
108
41
36
4
31
42
34
17
40
28
1
11
73
41
116
82
22
68
0
94
34
57
41
58
17
73
32
41
74
93
14
49
63
54
21
19
75
13
50
18
81
21
21
22
19
68
38
74
74
23
41
1
3
85
51
59
21
61
21
21
84
69
103
21
44
27
11
41
61
8
40
28
116
61
33
54
27
42
41
26
73
8
27
39
85
0
73
48
14
70
15
53
8
75
74
57
1
58
42
21
47
5
26
25
14
90
44
12
14
47
42
86
47
56
75
121
79
34
15
82
19
79
78
28
48
57
48
61
11
51
19
70
99
84
61
3
33
7
23
37
19
13
28
74
40
24
14
111
33
82
5
43
42
12
52
48
70
32
69
42
73
81
10
8
101
74
84
56
1
113
75
75
19
40
99
0
69
21
48
38
48
46
19
27
74
37
75
26
14
106
40
18
22
73
74
13
69
39
32
26
71
19
41
40
1
84
75
38
78
10
64
33
43
47
38
23
19
26
40
1
40
27
16
74
64
69
52
37
17
84
37
21
82
94
61
15
75
27
80
46
73
4
46
7
8
105
37
22
16
11
48
23
13
22
27
0
33
73
4
73
30
5
67
41
3
63
0
1
94
69
81
0
66
9
1
48
40
33
27
36
5
22
17
64
4
11
21
39
21
102
118
33
59
12
61
41
85
28
71
11
29
23
40
1
27
5
27
0
75
17
100
100
78
19
0
77
37
88
122
56
9
33
40
75
21
74
54
31
12
61
25
46
8
63
81
54
11
37
88
74
17
70
74
3
42
0
44
17
93
40
71
37
85
36
43
27
110
11
11
17
75
32
47
102
0
105
38
47
110
9
59
81
0
58
40
71
21
31
56
19
17
105
98
0
21
40
58
23
54
64
56
81
43
82
71
74
21
23
61
41
71
113
26
31
40
93
72
46
4
1
14
40
63
0
15
84
94
64
88
42
21
36
19
57
38
85
30
30
0
26
59
51
73
15
75
81
69
22
74
104
91
29
46
35
98
15
58
36
21
81
72
49
1
38
19
38
21
74
25
105
19
40
73
3
41
43
73
53
11
64
64
83
0
27
14
11
57
60
14
30
97
81
40
12
88
1
1
88
91
99
5
1
77
19
31
81
82
10
0
46
40
41
100
12
76
32
37
27
56
77
105
21
38
73
0
100
80
40
74
7
37
17
74
73
40
52
32
64
74
27
74
117
39
83
30
10
30
61
61
46
61
33
81
16
21
23
14
27
75
3
12
79
110
102
115
1
11
21
56
23
59
50
4
10
100
18
40
11
46
59
22
1
1
88
52
41
61
15
23
15
38
85
40
27
48
63
80
30
64
126
58
57
10
48
32
72
13
1
28
15
74
44
22
17
24
58
76
102
46
71
33
21
67
100
30
46
60
6
74
64
62
40
33
72
80
94
70
20
57
85
5
99
13
98
73
80
79
15
118
73
103
44
122
14
47
72
30
11
67
110
56
59
110
17
64
108
51
1
61
85
64
61
91
70
64
38
18
15
73
17
86
17
31
1
52
46
70
32
23
15
22
61
73
70
75
71
16
9
130
131
132
133
134
135
136
137
138
139
140
141
142
143
144
141
145
141
146
144
147
141
148
195
150
146
146
144
151
137
152
153
154
155
156
154
157
141
158
134
159
160
161
162
146
163
164
161
165
134
157
157
166
141
167
168
169
134
170
171
148
137
172
173
174
145
175
176
177
178
179
180
178
181
182
183
184
178
178
185
186
187
188
189
190
191
191
192
134
161
193
133
155
194
195
196
197
198
199
187
200
196
201
133
202
203
178
184
187
163
159
168
204
181
151
160
173
205
175
141
206
178
163
207
208
184
209
159
149
149
210
211
212
213
205
196
189
203
166
145
214
215
141
135
216
190
215
215
217
160
149
163
145
135
207
212
218
141
182
210
168
219
220
135
213
149
141
135
132
131
221
221
222
223
223
218
130
224
225
179
221
226
227
228
229
210
195
164
144
157
230
193
231
137
232
159
210
170
233
209
234
213
235
164
141
195
180
173
215
173
215
189
145
160
230
153
168
202
161
179
131
219
187
236
160
177
179
141
182
179
222
237
167
195
153
202
190
207
165
180
145
141
217
144
185
200
165
224
135
138
238
178
144
199
151
239
168
239
184
240
146
241
224
239
160
195
185
175
175
242
243
226
176
197
216
240
237
168
222
244
135
177
147
160
195
281
185
137
245
246
174
217
161
229
205
186
194
243
229
247
248
167
195
180
162
249
202
188
250
251
148
252
147
143
222
253
179
132
254
162
158
175
180
167
131
180
145
145
158
158
255
151
239
175
214
255
176
256
257
154
216
229
168
222
258
259
191
256
249
240
176
245
152
233
248
211
255
199
182
174
256
260
165
237
167
259
133
261
261
262
235
262
244
195
177
195
131
155
143
225
178
179
138
263
198
187
170
264
152
164
265
265
138
239
257
244
168
164
174
222
237
227
213
266
267
152
217
244
141
162
144
131
168
133
193
144
214
268
237
158
158
227
234
257
208
269
226
266
248
195
167
173
173
147
186
188
141
132
233
241
224
270
162
244
171
172
188
254
146
218
146
251
190
163
229
135
227
255
131
182
166
172
271
237
141
263
244
230
242
262
259
197
186
140
150
235
173
195
198
169
209
214
272
149
266
197
202
197
148
197
273
257
238
133
180
189
247
238
183
132
201
146
231
164
228
191
209
138
211
211
214
274
164
201
242
151
178
182
234
133
193
222
149
275
157
156
138
219
149
141
210
135
135
247
253
149
213
274
213
260
178
259
245
245
135
141
144
144
184
161
190
144
149
234
250
155
183
276
135
144
201
224
141
242
235
220
210
177
201
230
267
146
135
202
272
231
213
170
207
257
230
233
143
267
227
184
155
181
234
165
217
257
237
170
191
239
178
190
202
131
205
152
136
233
271
168
256
238
151
230
141
235
165
219
219
141
202
165
172
172
172
159
233
277
179
222
134
273
255
262
212
154
197
154
260
263
162
272
215
216
158
195
162
168
130
146
216
273
188
152
278
209
250
173
158
246
130
163
251
247
166
249
141
180
247
141
209
144
213
239
180
191
210
176
172
150
197
163
235
257
141
161
131
151
166
167
192
259
227
144
186
146
175
216
266
133
266
197
184
172
184
183
168
234
141
206
144
217
146
248
155
279
187
184
255
201
228
255
225
158
184
165
247
199
147
164
178
280
142
193
182
231
281
274
135
181
238
164
134
210
262
243
197
167
187
141
265
150
244
195
258
209
262
244
155
185
151
185
175
209
165
151
178
145
206
268
188
141
130
138
144
197
169
150
230
260
162
162
243
233
225
160
136
142
245
164
139
230
152
178
147
161
235
178
221
133
133
133
267
217
147
227
268
233
191
175
188
250
209
255
139
191
216
172
164
234
144
150
258
133
191
254
138
213
149
181
184
156
149
247
217
191
247
274
164
144
172
132
167
226
157
264
134
138
130
183
233
209
180
151
157
257
184
276
230
134
214
141
226
193
133
235
246
261
230
217
186
178
131
144
210
161
133
241
200
229
261
261
149
178
207
178
180
178
168
180
181
135
247
178
210
184
253
178
177
146
180
206
257
149
237
223
230
154
235
132
234
164
181
226
149
250
141
135
141
221
222
242
242
207
142
155
209
215
245
154
164
165
165
201
141
211
162
184
164
239
241
141
135
135
145
181
269
203
178
140
140
244
160
210
239
156
222
247
274
231
157
157
175
227
180
162
180
165
134
250
150
150
167
160
171
281
214
178
237
193
195
182
270
227
195
261
222
219
144
150
260
162
150
274
230
168
233
162
161
221
165
243
131
272
255
189
230
151
184
268
147
247
162
167
143
167
247
180
184
275
231
253
210
235
182
144
150
150
152
256
261
255
199
252
161
182
163
263
191
193
149
204
251
181
233
203
272
241
182
184
233
279
175
135
168
184
132
240
164
169
170
174
273
222
246
225
145
145
271
205
143
236
137
149
279
266
226
241
215
175
218
255
282
283
160
131
275
244
173
178
184
240
180
273
155
265
274
255
255
241
160
165
168
168
239
236
241
160
160
189
157
160
244
235
266
227
260
144
192
239
144
215
215
267
246
284
254
183
144
189
186
132
146
151
204
253
163
219
168
278
138
150
235
186
180
219
222
154
207
180
151
220
274
146
158
216
235
180
151
255
150
156
262
180
181
247
272
241
162
244
230
231
247
159
185
270
184
285
215
158
168
182
146
189
161
211
211
250
279
217
217
179
282
179
262
151
169
178
237
244
148
282
150
219
271
185
146
145
245
178
143
267
262
265
272
251
157
195
184
246
161
227
168
200
217
219
168
173
168
232
169
206
258
133
200
183
149
168
232
205
141
250
262
136
277
275
151
168
144
262
144
209
135
144
141
239
177
238
249
163
155
175
132
184
211
202
141
210
209
179
286
164
210
201
147
262
144
250
155
283
238
200
201
147
235
163
214
182
237
141
274
184
178
228
196
161
273
214
155
287
231
184
201
146
209
186
182
274
239
155
156
135
287
213
184
155
229
164
175
145
210
144
168
167
150
287
141
148
258
283
284
288
151
205
205
210
255
253
130
235
284
205
130
156
213
234
201
196
179
158
233
255
205
241
255
282
282
131
260
175
158
286
239
231
144
168
174
233
158
195
286
213
275
189
189
210
241
213
165
243
213
196
189
151
190
163
178
174
189
238
216
208
145
158
172
274
159
180
168
163
181
195
244
274
145
222
181
141
184
222
138
133
280
141
226
150
148
167
233
194
189
161
161
257
268
235
150
145
270
141
168
221
169
190
286
190
145
242
150
167
255
169
180
178
180
205
205
150
158
165
165
136
190
210
233
139
255
214
257
164
180
144
161
182
194
268
163
283
190
209
149
247
247
162
237
151
234
255
204
176
206
250
180
141
147
178
247
174
256
166
250
233
203
135
279
261
178
150
160
176
241
199
195
235
195
239
255
247
161
161
159
160
168
241
221
152
274
274
247
178
166
239
218
156
156
154
184
235
178
134
188
256
219
178
209
146
223
253
228
209
221
148
231
244
231
158
234
271
271
130
264
269
144
130
215
243
286
257
226
216
226
223
286
141
244
240
140
184
151
169
205
205
141
146
161
234
280
216
262
262
144
152
198
231
140
134
178
206
141
156
179
254
193
149
226
152
130
196
206
267
235
180
139
178
158
153
143
167
190
188
191
269
248
180
212
211
167
255
235
160
244
275
156
239
221
141
242
227
133
225
234
287
184
194
209
193
180
248
284
175
225
166
255
221
200
244
251
179
178
238
173
152
242
226
141
162
185
249
237
217
206
180
176
160
167
202
143
147
139
239
209
209
163
235
159
284
184
259
141
183
189
191
200
167
153
282
238
148
150
245
184
151
270
164
167
173
141
142
148
159
138
254
180
166
216
156
213
167
204
208
160
169
160
269
137
165
186
186
265
141
193
184
188
162
261
137
206
161
184
180
160
200
153
178
219
240
172
152
272
214
177
149
222
248
139
195
276
200
226
155
141
229
205
164
239
235
253
231
191
164
218
143
239
240
166
154
214
178
142
261
160
257
155
151
235
141
141
271
154
153
221
182
164
237
260
204
194
182
148
141
182
255
215
254
214
178
211
162
233
233
192
158
222
234
213
166
262
237
227
205
205
254
148
213
217
279
274
173
264
184
163
217
184
134
174
150
241
178
142
242
172
256
262
255
278
286
175
229
255
255
255
252
146
211
134
134
141
140
141
288
161
257
136
210
224
146
141
131
286
172
254
248
286
255
227
269
141
246
227
187
135
226
262
195
237
162
161
245
254
248
179
179
236
198
197
242
178
260
144
194
221
221
272
162
239
209
169
169
255
159
151
209
245
154
175
188
197
170
191
163
192
195
151
230
244
163
133
287
152
238
184
184
190
133
265
184
268
149
161
161
141
241
241
184
177
252
133
144
141
184
210
259
191
161
133
239
149
164
249
244
144
144
235
246
141
268
268
214
257
246
163
172
157
137
204
151
187
270
149
217
155
152
177
201
149
217
234
192
209
144
190
201
141
149
257
135
163
164
146
244
241
157
221
136
244
209
135
210
149
252
252
226
288
203
149
213
255
160
200
249
266
141
184
161
178
240
152
141
154
161
248
255
184
160
180
151
141
137
187
187
168
180
152
169
165
233
172
234
255
173
164
211
141
135
250
144
147
183
183
150
133
141
180
151
143
141
185
239
155
182
146
154
195
195
164
194
260
134
146
184
141
217
279
278
190
195
135
149
134
193
155
184
141
234
224
224
144
276
180
180
193
133
209
249
178
154
204
213
231
217
259
156
279
280
263
146
229
197
242
141
182
184
178
257
136
164
241
257
141
244
133
201
279
170
284
239
130
286
160
185
185
180
219
146
239
172
196
247
211
283
272
219
171
233
188
130
222
266
165
187
246
144
237
243
244
288
251
230
158
256
288
195
166
192
214
195
195
139
172
257
251
256
168
226
259
217
224
168
241
180
136
170
145
221
253
241
263
279
199
208
234
252
165
241
221
182
251
187
188
165
180
234
154
268
131
172
174
194
166
280
226
226
226
193
169
288
158
197
136
244
258
171
215
260
260
159
183
169
162
264
258
150
172
259
276
220
172
178
141
151
151
197
255
177
146
249
170
259
156
259
141
147
143
150
190
184
209
215
215
131
287
151
217
242
138
278
230
261
256
150
182
271
271
261
174
140
233
190
236
237
182
275
255
228
207
136
233
253
168
162
170
162
150
288
151
173
178
178
165
221
165
180
212
180
150
193
156
211
227
151
286
184
152
266
133
141
192
241
178
150
180
203
146
251
176
236
235
262
221
229
243
181
164
152
140
140
161
154
246
262
143
163
200
152
202
274
261
221
249
229
146
235
174
270
270
168
180
181
181
164
164
181
244
245
166
204
151
217
270
155
167
199
217
179
221
221
242
237
145
193
274
257
182
209
141
157
140
260
285
175
178
244
224
210
233
202
184
239
150
179
161
251
279
196
255
131
160
246
231
135
187
211
184
180
238
168
225
143
264
132
259
130
193
216
227
168
178
248
162
168
251
180
154
154
145
160
230
222
214
251
164
235
242
237
210
155
140
266
134
133
168
250
250
204
276
250
147
149
144
246
165
247
184
133
219
155
173
159
175
267
251
242
253
164
193
177
151
151
187
168
236
134
145
222
178
225
176
261
245
268
262
262
153
278
207
178
145
169
180
283
222
186
153
242
170
144
147
247
175
244
169
222
159
278
234
228
252
238
156
228
221
131
181
272
286
189
167
164
144
209
165
229
229
229
234
241
232
183
159
159
223
241
226
135
151
151
150
130
283
151
180
167
151
136
146
150
144
165
156
184
264
269
275
252
148
178
148
159
162
143
221
257
191
158
132
145
141
130
195
175
130
131
165
209
242
160
183
248
285
163
235
160
168
144
272
167
156
161
131
141
233
170
220
193
194
233
228
161
251
134
262
141
181
231
160
162
229
133
143
141
180
210
135
260
193
130
237
249
215
215
215
160
150
246
150
154
164
261
252
148
199
222
219
218
196
196
277
141
225
264
196
264
182
187
141
141
178
283
150
231
220
139
266
209
155
239
178
233
250
252
152
141
215
277
265
257
199
279
156
209
268
164
232
192
219
255
260
214
153
195
261
171
277
135
230
140
248
288
164
230
155
155
216
219
187
274
221
184
241
274
274
225
225
156
210
163
225
184
275
229
146
163
219
148
177
228
230
162
144
197
258
216
232
216
227
213
193
213
259
152
222
160
165
227
237
181
167
230
157
249
264
165
151
168
272
232
193
162
178
261
141
219
162
251
251
162
164
182
178
165
165
137
263
181
143
207
141
175
180
145
177
242
173
160
132
158
130
158
269
162
206
255
276
255
254
186
266
141
151
141
247
144
178
173
173
195
204
188
141
270
274
260
151
151
241
195
239
151
229
174
264
175
212
183
183
151
181
139
242
268
227
179
168
235
262
151
251
178
185
195
235
185
166
237
275
148
285
215
